2848
2854
2875
2878
2895
3058
3175
3216
3218
3226
3239
3253
3267
3316
5386
5387
5429
5467
5468
5480
5495
5523
5537
5563
5567
5591
5598
6672
6694
6731
6761
6789
6801
6828
6854
6856
6863
6903
8241
8291
8299
8331
8334
8342
8345
8350
8359
8369
8371
8402
8410
8416
8427
8439
8443
8470
8491
8492
8563
8570
8580
8594
8595
8615
8629
8636
8641
8675
8711
8732
8744
8749
8752
8901
8905
8915
8920
8997
9049
9110
9123
9177
12332
12380
12389
12418
12494
12543
12668
12679
12683
12688
12695
12705
12714
12722
12724
12730
12737
12739
12768
12772
12846
12958
12976
13055
13056
13079
13095
13118
13174
13178
13227
13230
13238
13257
13259
15378
15428
15468
15493
15500
15552
15582
15638
15640
15672
15673
15757
15759
15774
15934
15974
16012
16043
16054
16083
16179
16230
16256
16285
16287
16300
16301
16345
20144
20483
20485
20533
20597
20632
20655
20663
20764
20807
20870
20985
21017
21051
21127
21191
21289
21332
21353
21365
21367
21378
21453
21479
21480
21483
21487
24588
24612
24626
24663
24683
24689
24699
24739
24762
24783
24810
24829
24923
24936
24955
25008
25086
25100
25159
25189
25227
25308
25405
25408
25436
25446
25478
25490
25513
25515
25532
25549
25591
25592
25880
28709
28719
28745
28769
28812
28840
28884
28890
28947
28968
29072
29076
29124
29125
29182
29190
29194
29226
29329
29456
29470
29497
29632
29648
30721
30729
30733
30745
30749
30784
30822
30855
30881
30922
30936
30968
31028
31036
31133
31163
31195
31200
31205
31208
31213
31214
31224
31257
31261
31286
31357
31359
31363
31364
31370
31376
31425
31430
31466
31483
31484
31499
31501
31514
31558
31643
31692
31724
33871
33894
33934
33969
33991
33993
34038
34123
34137
34139
34145
34150
34168
34205
34241
34267
34300
34352
34449
34456
34467
34485
34533
34550
34573
34584
34590
34602
34629
34665
34709
34757
34875
34879
34892
34894
34896
34974
35000
35032
35048
35125
35140
35154
35177
35196
35271
35389
35401
35511
35531
35539
35558
35598
35641
35645
35728
35751
35807
35810
35815
35816
38917
38922
38934
38951
39001
39028
39045
39054
39087
39134
39153
39229
39264
39289
39407
39435
39442
39493
39494
39561
39578
39728
39775
39785
39799
39811
39812
39858
39927
40993
40995
41034
41058
41134
41268
41330
41349
41403
41535
41560
41575
41601
41661
41668
41682
41691
41704
41718
41727
41733
41754
41786
41789
41802
41822
41843
41854
41976
41983
42007
42038
42065
42087
42110
42116
42132
42145
42239
42277
42304
42322
42362
42387
42429
42437
42478
42514
42548
42610
42632
42668
42676
42678
42682
42683
42742
42825
42834
42861
42892
42893
43132
43146
43201
43274
43314
43404
43468
43478
43530
43567
43660
43714
43727
43782
43793
43966
44050
44056
44068
44125
44128
44206
44257
44265
44270
44347
44391
44507
44533
44534
44587
44604
44676
44677
44724
44736
44775
44882
44903
45027
45054
47119
47165
47193
47211
47218
47236
47240
47241
47313
47395
47438
47530
47531
47541
47542
47562
47626
47684
47694
47759
47764
47844
47914
47954
48044
48092
48096
48149
48166
48176
48190
48209
48212
48249
48282
48287
48320
48327
48347
48400
48430
48475
48481
48524
48625
48642
48781
48882
48940
49037
49048
49055
49060
49063
49120
49136
49170
49218
49281
49291
49301
49342
49352
49368
49392
49476
49483
49505
49531
49583
49718
49776
49779
49816
49821
49988
50009
50060
50174
50267
50289
50340
50473
50477
50498
50512
50542
50543
50544
50596
50911
50923
50928
51004
51032
51034
51035
51042
51115
51116
51218
51286
51515
51522
51570
51604
51645
51659
51669
51812
51819
52043
52207
56330
56340
56341
56361
56377
56420
56534
56689
56694
56791
56830
56864
56981
57026
57044
57214
57227
57271
57304
57363
57378
57393
57973
58002
58116
59504
59569
59624
59713
59793
59815
60098
60139
60490
60496
60863
61400
62287
62355
64491
196638
196695
196739
196742
196750
196797
196914
196936
196949
196991
197023
197068
197078
197298
197460
197695
198541
198610
198953
199274
199295
199420
199458
199539
199599
199664
200044
200107
200350
200833
201776
201817
201952
201956
202423
202611
202984
204144
204490
204895
205515
205553
205830
205952
207207
207353
207873
207883
207967
208397
208413
208626
208677
209024
209030
209372
210079
210512
210616
212667
213220
398343
