2148
2585
2587
2599
2643
2683
2766
2848
2854
2875
2878
2895
3058
3167
3168
3175
3179
3181
3191
3200
3203
3205
3216
3218
3226
3227
3229
3235
3239
3253
3267
3276
3277
3284
3285
3287
3312
3315
3316
3325
3335
3343
3351
5386
5387
5429
5431
5433
5461
5467
5468
5473
5480
5495
5514
5523
5537
5543
5547
5548
5553
5563
5567
5568
5572
5573
5589
5591
5598
6672
6679
6694
6699
6704
6719
6731
6761
6789
6801
6820
6828
6844
6850
6854
6856
6858
6863
6868
6869
6870
6874
6880
6903
8219
8241
8242
8249
8263
8274
8279
8291
8299
8305
8324
8325
8331
8334
8342
8345
8350
8359
8369
8371
8377
8381
8382
8395
8398
8402
8409
8410
8411
8416
8427
8439
8440
8441
8443
8460
8470
8475
8480
8484
8485
8491
8492
8496
8506
8507
8510
8515
8557
8563
8568
8570
8580
8592
8594
8595
8615
8629
8630
8631
8636
8641
8654
8662
8663
8675
8684
8706
8711
8712
8732
8742
8744
8749
8752
8753
8755
8773
8774
8775
8790
8817
8828
8846
8848
8853
8872
8901
8904
8905
8909
8915
8920
8941
8981
8985
8997
8998
9006
9032
9039
9041
9049
9056
9058
9068
9077
9078
9107
9110
9111
9113
9122
9123
9124
9130
9134
9157
9162
9177
9203
9206
12332
12335
12341
12380
12389
12396
12403
12418
12456
12484
12494
12500
12507
12543
12555
12616
12668
12679
12683
12685
12686
12688
12690
12695
12705
12714
12722
12724
12730
12737
12739
12768
12770
12772
12790
12828
12836
12841
12846
12879
12925
12938
12958
12959
12976
12979
12999
13016
13029
13055
13056
13062
13075
13077
13079
13094
13095
13105
13118
13155
13161
13165
13174
13178
13185
13215
13227
13230
13238
13257
13259
13296
13302
15370
15378
15428
15449
15454
15468
15493
15500
15508
15552
15556
15559
15582
15599
15632
15638
15640
15672
15673
15682
15707
15741
15754
15756
15757
15759
15774
15781
15835
15848
15850
15867
15868
15870
15880
15884
15886
15913
15930
15934
15974
15984
16012
16020
16043
16047
16054
16083
16094
16143
16173
16176
16179
16222
16227
16249
16256
16262
16285
16287
16300
16301
16308
16321
16323
16345
20483
20485
20499
20519
20527
20533
20549
20576
20597
20611
20619
20632
20655
20663
20688
20690
20698
20702
20720
20730
20764
20772
20793
20807
20817
20821
20826
20848
20866
20870
20872
20895
20916
20919
20946
20985
21017
21020
21023
21030
21051
21087
21103
21105
21127
21135
21140
21143
21166
21184
21191
21226
21231
21252
21266
21275
21289
21292
21298
21311
21314
21332
21335
21353
21365
21367
21375
21378
21403
21416
21418
21438
21442
21445
21446
21447
21453
21479
21480
21483
21487
21496
23242
24588
24602
24612
24626
24638
24658
24663
24665
24680
24683
24684
24689
24697
24699
24739
24758
24767
24774
24783
24789
24810
24811
24823
24837
24866
24873
24881
24913
24923
24924
24936
24955
25000
25001
25008
25073
25086
25096
25100
25141
25159
25189
25203
25227
25231
25251
25258
25290
25292
25296
25299
25308
25341
25355
25371
25379
25381
25405
25408
25436
25437
25446
25449
25451
25474
25478
25490
25510
25511
25513
25515
25520
25530
25531
25532
25537
25549
25591
25592
25880
28703
28709
28712
28719
28734
28736
28738
28741
28745
28761
28762
28769
28775
28800
28802
28809
28812
28825
28829
28832
28840
28860
28881
28884
28890
28891
28899
28900
28906
28912
28947
28965
28968
28991
29031
29038
29041
29043
29053
29069
29071
29072
29076
29114
29124
29125
29128
29147
29182
29184
29190
29194
29196
29209
29225
29226
29233
29258
29285
29303
29304
29319
29329
29363
29388
29407
29420
29425
29426
29450
29456
29470
29476
29493
29497
29503
29509
29528
29547
29554
29561
29567
29581
29588
29603
29634
29648
30721
30729
30733
30745
30749
30751
30767
30768
30784
30812
30822
30831
30833
30835
30852
30853
30854
30855
30856
30868
30869
30871
30877
30881
30911
30920
30922
30924
30928
30936
30943
30952
30953
30960
30968
30974
31028
31036
31088
31094
31112
31133
31138
31163
31174
31183
31185
31191
31192
31195
31200
31205
31208
31213
31214
31224
31225
31240
31257
31261
31268
31275
31277
31286
31294
31302
31314
31324
31336
31338
31344
31353
31357
31359
31363
31364
31368
31370
31376
31379
31425
31430
31444
31462
31470
31480
31483
31484
31494
31496
31499
31501
31503
31512
31558
31566
31575
31585
31620
31626
31643
31649
31656
31690
31692
31695
31703
31720
31724
31738
33797
33819
33842
33844
33871
33887
33888
33892
33894
33899
33902
33903
33904
33908
33934
33936
33962
33972
33987
33991
33993
34017
34033
34038
34042
34047
34052
34085
34098
34102
34121
34123
34137
34139
34145
34147
34150
34155
34166
34168
34180
34192
34205
34207
34211
34221
34223
34232
34241
34246
34249
34267
34287
34291
34297
34300
34303
34320
34322
34327
34329
34336
34351
34352
34381
34389
34411
34434
34449
34456
34464
34467
34470
34479
34485
34490
34500
34503
34508
34518
34527
34528
34533
34545
34550
34552
34559
34561
34573
34574
34580
34582
34584
34590
34597
34602
34629
34639
34642
34644
34662
34665
34671
34682
34687
34698
34703
34706
34707
34709
34739
34747
34757
34771
34777
34784
34802
34804
34824
34829
34832
34836
34838
34843
34849
34851
34853
34855
34858
34862
34866
34869
34875
34879
34881
34887
34892
34894
34896
34901
34925
34944
34959
34974
34975
34990
34998
35000
35005
35013
35018
35021
35022
35025
35026
35032
35035
35048
35078
35083
35087
35102
35119
35125
35129
35138
35140
35154
35162
35165
35177
35178
35195
35237
35239
35246
35257
35271
35273
35278
35287
35295
35298
35301
35304
35354
35374
35377
35381
35387
35389
35400
35401
35420
35455
35469
35473
35475
35479
35508
35511
35516
35522
35526
35527
35531
35533
35539
35558
35564
35569
35571
35572
35580
35591
35598
35608
35631
35640
35641
35644
35645
35658
35683
35723
35728
35730
35738
35755
35764
35768
35769
35770
35774
35780
35783
35802
35807
35810
35815
35816
35824
35835
38917
38922
38928
38934
38951
38958
38959
38971
38972
38974
38976
38978
38984
38985
38996
39001
39028
39033
39034
39042
39045
39046
39047
39048
39054
39058
39061
39068
39073
39087
39089
39092
39101
39113
39119
39121
39125
39131
39134
39143
39153
39154
39156
39161
39167
39178
39186
39191
39229
39238
39240
39252
39254
39256
39264
39266
39267
39269
39284
39289
39293
39294
39303
39304
39317
39321
39323
39337
39350
39360
39374
39376
39379
39395
39406
39407
39408
39415
39424
39428
39434
39435
39442
39488
39493
39494
39503
39523
39529
39539
39548
39561
39562
39575
39577
39578
39580
39585
39586
39589
39593
39594
39604
39612
39631
39652
39660
39678
39684
39688
39697
39707
39709
39711
39713
39718
39728
39735
39740
39741
39749
39751
39775
39785
39789
39799
39805
39811
39812
39818
39821
39843
39850
39853
39858
39860
39864
39901
39911
39920
39922
39927
40966
40993
40995
40997
41002
41022
41024
41029
41034
41039
41060
41065
41066
41067
41082
41085
41098
41102
41106
41109
41118
41123
41127
41134
41143
41145
41148
41162
41184
41185
41187
41190
41209
41212
41217
41220
41223
41226
41257
41258
41259
41269
41275
41279
41300
41302
41308
41310
41311
41330
41338
41341
41344
41349
41361
41377
41388
41389
41403
41411
41428
41430
41440
41443
41446
41460
41465
41469
41475
41500
41512
41515
41517
41525
41535
41551
41554
41556
41560
41566
41575
41578
41592
41599
41601
41615
41616
41617
41619
41636
41639
41654
41661
41667
41668
41673
41681
41682
41688
41691
41704
41706
41718
41719
41722
41727
41733
41740
41743
41745
41748
41754
41762
41771
41774
41775
41783
41786
41787
41789
41794
41802
41812
41816
41822
41826
41829
41831
41837
41842
41843
41845
41853
41854
41855
41861
41862
41864
41892
41895
41904
41914
41925
41928
41929
41938
41942
41957
41975
41976
41999
42001
42002
42007
42024
42027
42033
42038
42048
42056
42062
42069
42071
42072
42087
42091
42104
42110
42113
42115
42116
42119
42121
42132
42135
42136
42139
42141
42144
42145
42148
42149
42151
42178
42187
42190
42218
42219
42224
42231
42238
42239
42240
42245
42247
42253
42260
42268
42269
42276
42277
42289
42291
42301
42304
42317
42322
42323
42339
42340
42358
42362
42364
42368
42377
42385
42387
42393
42394
42395
42399
42403
42408
42437
42444
42448
42451
42478
42481
42482
42483
42484
42498
42511
42514
42516
42518
42521
42524
42526
42527
42528
42529
42534
42537
42548
42551
42554
42558
42559
42561
42569
42574
42577
42582
42589
42608
42610
42628
42631
42632
42636
42661
42668
42674
42676
42677
42682
42683
42693
42696
42704
42728
42740
42742
42748
42751
42753
42758
42762
42765
42767
42771
42773
42776
42787
42809
42819
42822
42825
42827
42834
42842
42843
42850
42861
42862
42870
42889
42891
42892
42893
42895
42897
42899
42901
42911
42916
42919
42920
42922
42930
42940
42971
42972
42974
42988
42995
42996
42998
43000
43020
43031
43038
43042
43045
43048
43053
43085
43087
43089
43095
43097
43102
43106
43132
43146
43148
43149
43152
43154
43168
43170
43182
43199
43201
43213
43218
43222
43226
43228
43234
43235
43237
43238
43246
43247
43264
43265
43267
43270
43273
43274
43275
43278
43287
43297
43298
43299
43302
43307
43314
43318
43319
43321
43328
43330
43346
43349
43362
43385
43396
43399
43400
43403
43404
43410
43429
43434
43454
43465
43468
43478
43489
43502
43521
43526
43527
43530
43550
43552
43559
43567
43574
43581
43583
43592
43594
43595
43598
43600
43605
43628
43634
43660
43661
43666
43667
43670
43673
43675
43676
43678
43684
43687
43690
43693
43696
43712
43714
43720
43726
43727
43728
43730
43740
43741
43746
43761
43776
43781
43782
43785
43787
43793
43795
43797
43798
43801
43802
43805
43812
43820
43822
43826
43830
43832
43841
43849
43859
43865
43882
43886
43900
43901
43903
43907
43908
43909
43912
43917
43921
43936
43946
43951
43952
43966
43970
43972
43973
43975
43991
44011
44014
44020
44030
44035
44039
44041
44046
44048
44050
44053
44056
44068
44093
44094
44096
44102
44112
44113
44121
44126
44128
44135
44137
44139
44149
44151
44158
44162
44165
44172
44174
44199
44200
44206
44223
44232
44237
44240
44254
44257
44263
44265
44266
44267
44269
44270
44276
44300
44303
44310
44315
44322
44341
44342
44345
44347
44362
44378
44380
44386
44387
44391
44401
44405
44406
44408
44412
44417
44420
44425
44428
44429
44467
44470
44478
44479
44484
44491
44492
44493
44505
44507
44522
44528
44532
44533
44534
44539
44540
44542
44552
44554
44555
44556
44560
44572
44579
44584
44587
44595
44597
44604
44618
44619
44622
44626
44627
44634
44636
44640
44648
44657
44660
44662
44665
44670
44674
44676
44677
44678
44687
44688
44693
44696
44699
44704
44705
44715
44724
44727
44731
44734
44736
44751
44759
44772
44773
44775
44790
44797
44799
44802
44804
44811
44812
44816
44834
44835
44840
44843
44844
44845
44847
44849
44857
44868
44881
44882
44895
44899
44900
44903
44905
44913
44915
44917
44923
44927
44941
44943
44956
44963
44964
44975
44982
44985
44987
44988
44999
45000
45003
45004
45005
45018
45029
45046
45048
45051
45054
45055
47104
47111
47117
47118
47119
47122
47124
47125
47133
47140
47151
47156
47158
47165
47166
47168
47181
47183
47193
47196
47203
47204
47210
47211
47213
47218
47231
47235
47236
47241
47243
47246
47247
47256
47257
47258
47259
47278
47286
47307
47313
47321
47323
47333
47334
47335
47338
47342
47349
47354
47358
47363
47370
47375
47378
47379
47385
47395
47397
47398
47399
47407
47418
47429
47433
47437
47438
47440
47441
47445
47456
47457
47459
47460
47465
47470
47478
47481
47486
47495
47503
47522
47528
47530
47531
47533
47541
47542
47550
47551
47560
47562
47564
47565
47569
47577
47579
47586
47594
47595
47613
47618
47620
47626
47634
47635
47636
47645
47652
47654
47655
47656
47659
47668
47677
47682
47684
47694
47709
47711
47723
47724
47733
47737
47740
47746
47747
47758
47759
47763
47764
47775
47783
47785
47789
47801
47807
47808
47819
47822
47827
47839
47842
47844
47845
47851
47852
47854
47855
47857
47860
47873
47882
47895
47899
47905
47909
47910
47911
47913
47914
47923
47925
47934
47939
47954
47955
47963
47968
47972
47974
47976
47989
47995
47996
48000
48009
48013
48030
48032
48033
48034
48035
48036
48041
48043
48044
48050
48051
48054
48058
48061
48076
48078
48080
48084
48086
48089
48092
48096
48098
48099
48100
48102
48104
48108
48120
48122
48123
48124
48128
48129
48143
48148
48149
48160
48166
48176
48188
48190
48195
48197
48199
48201
48209
48212
48216
48219
48223
48225
48226
48236
48241
48247
48249
48257
48275
48276
48277
48282
48287
48293
48302
48308
48312
48316
48320
48321
48322
48327
48330
48333
48343
48347
48349
48354
48363
48365
48366
48368
48369
48371
48379
48383
48389
48396
48399
48400
48409
48416
48421
48429
48430
48433
48441
48442
48462
48467
48470
48472
48475
48476
48477
48479
48481
48485
48488
48494
48498
48499
48507
48508
48511
48515
48524
48527
48528
48530
48531
48532
48541
48547
48552
48558
48561
48566
48578
48583
48586
48604
48610
48612
48614
48615
48625
48642
48651
48654
48666
48667
48670
48676
48679
48687
48699
48709
48713
48719
48720
48722
48723
48725
48731
48733
48738
48739
48757
48758
48763
48770
48781
48788
48796
48802
48807
48816
48822
48826
48827
48842
48848
48853
48858
48873
48876
48877
48882
48890
48891
48909
48914
48916
48922
48933
48936
48938
48940
48946
48949
48959
48969
48975
48978
48986
48989
48991
48995
49002
49003
49012
49031
49048
49050
49053
49055
49058
49063
49064
49070
49075
49093
49098
49106
49107
49120
49124
49128
49136
49140
49144
49153
49154
49155
49156
49160
49165
49170
49179
49181
49184
49186
49199
49210
49211
49218
49231
49235
49238
49241
49246
49253
49255
49261
49267
49279
49280
49281
49288
49291
49293
49301
49311
49315
49320
49323
49325
49326
49336
49339
49342
49346
49347
49350
49351
49352
49356
49357
49358
49361
49368
49369
49371
49373
49376
49377
49380
49381
49390
49392
49394
49395
49400
49403
49404
49411
49414
49426
49439
49444
49450
49452
49458
49469
49476
49478
49479
49481
49483
49502
49505
49506
49510
49513
49516
49521
49530
49531
49542
49545
49551
49554
49557
49558
49568
49569
49577
49578
49583
49587
49612
49617
49637
49641
49644
49648
49665
49668
49673
49675
49679
49684
49686
49693
49701
49702
49712
49718
49722
49724
49729
49730
49732
49736
49741
49742
49749
49755
49759
49764
49776
49777
49779
49797
49799
49809
49811
49814
49816
49821
49825
49828
49830
49834
49839
49841
49845
49848
49854
49860
49863
49869
49874
49878
49880
49886
49891
49892
49893
49897
49905
49908
49913
49916
49925
49929
49932
49939
49951
49954
49955
49963
49966
49977
49980
49987
49988
49993
49994
50001
50002
50003
50009
50011
50015
50022
50024
50029
50037
50038
50040
50042
50044
50045
50048
50051
50060
50071
50082
50085
50089
50092
50105
50106
50122
50125
50126
50140
50141
50147
50149
50157
50158
50164
50166
50169
50174
50182
50187
50197
50210
50214
50218
50222
50227
50228
50240
50241
50248
50254
50257
50260
50265
50276
50279
50282
50283
50284
50289
50299
50306
50313
50315
50317
50339
50340
50341
50342
50353
50356
50367
50374
50384
50396
50397
50403
50406
50409
50416
50425
50427
50430
50433
50435
50439
50442
50443
50448
50449
50451
50452
50464
50465
50466
50471
50473
50477
50483
50488
50498
50502
50509
50512
50516
50519
50523
50532
50536
50538
50539
50542
50543
50544
50545
50553
50556
50567
50568
50571
50577
50586
50587
50596
50600
50608
50615
50619
50636
50639
50640
50645
50646
50652
50654
50663
50668
50671
50672
50674
50676
50677
50687
50688
50690
50691
50701
50703
50706
50707
50712
50713
50714
50716
50725
50727
50732
50736
50739
50741
50750
50752
50753
50760
50761
50762
50766
50771
50775
50776
50787
50789
50793
50797
50802
50804
50806
50809
50817
50820
50822
50832
50844
50846
50850
50852
50853
50859
50860
50863
50870
50878
50895
50911
50916
50918
50923
50928
50942
50946
50947
50949
50951
50955
50958
50966
50969
51003
51004
51009
51011
51012
51015
51017
51027
51028
51032
51034
51035
51037
51039
51041
51042
51051
51054
51067
51070
51071
51076
51077
51081
51084
51086
51092
51093
51112
51115
51116
51117
51118
51125
51133
51136
51138
51147
51153
51156
51158
51165
51178
51181
51183
51186
51190
51193
51199
51200
51209
51211
51213
51214
51218
51219
51226
51229
51230
51234
51238
51245
51255
51256
51271
51281
51288
51289
51291
51292
51293
51298
51309
51316
51317
51334
51339
51341
51343
51348
51352
51360
51369
51372
51376
51384
51389
51397
51408
51410
51416
51418
51419
51428
51437
51442
51444
51446
51448
51456
51464
51470
51471
51472
51477
51478
51488
51494
51506
51507
51511
51515
51518
51520
51522
51523
51525
51532
51536
51538
51543
51547
51562
51570
51578
51579
51583
51592
51593
51596
51599
51600
51604
51607
51612
51613
51623
51624
51628
51631
51633
51635
51638
51641
51642
51645
51655
51659
51663
51665
51666
51667
51668
51669
51680
51685
51686
51690
51698
51700
51705
51715
51716
51721
51723
51724
51730
51740
51748
51756
51764
51771
51780
51781
51783
51789
51804
51811
51812
51813
51819
51831
51836
51838
51842
51860
51869
51880
51882
51883
51884
51891
51892
51893
51904
51912
51916
51921
51932
51951
51952
51957
51971
51973
51977
51981
51991
51994
51998
52002
52006
52007
52008
52010
52015
52016
52022
52028
52040
52043
52046
52047
52052
52060
52062
52069
52085
52086
52090
52091
52094
52096
52104
52107
52108
52118
52131
52141
52146
52156
52163
52166
52168
52175
52184
52193
52194
52197
52201
52205
52207
52217
52218
52222
56326
56330
56331
56333
56336
56340
56341
56342
56350
56351
56358
56361
56364
56374
56377
56383
56384
56387
56390
56392
56394
56398
56405
56407
56409
56420
56425
56426
56436
56437
56445
56451
56462
56463
56476
56477
56480
56483
56487
56493
56506
56529
56534
56535
56536
56537
56541
56542
56557
56562
56564
56565
56574
56577
56578
56580
56581
56592
56603
56613
56619
56621
56627
56631
56634
56649
56663
56664
56666
56667
56669
56671
56674
56676
56677
56678
56679
56686
56689
56690
56691
56692
56694
56699
56701
56702
56705
56707
56720
56721
56724
56725
56741
56760
56761
56766
56768
56776
56777
56779
56785
56791
56793
56794
56806
56807
56810
56814
56820
56829
56830
56836
56842
56845
56846
56852
56853
56854
56857
56864
56866
56874
56875
56877
56879
56880
56881
56886
56888
56889
56893
56895
56903
56915
56917
56923
56928
56930
56934
56935
56939
56947
56954
56957
56959
56964
56969
56975
56977
56981
56982
56985
56991
56996
57003
57006
57010
57011
57018
57019
57026
57036
57038
57041
57044
57045
57046
57047
57056
57059
57064
57073
57078
57079
57091
57093
57107
57108
57109
57113
57120
57123
57128
57139
57145
57153
57164
57174
57181
57182
57191
57193
57200
57209
57212
57214
57227
57233
57244
57246
57250
57251
57261
57268
57271
57272
57274
57277
57281
57290
57296
57303
57304
57306
57309
57312
57314
57319
57323
57333
57334
57339
57352
57354
57363
57364
57368
57371
57372
57375
57378
57380
57383
57393
57396
57410
57411
57418
57420
57421
57424
57434
57438
57449
57451
57452
57456
57471
57482
57484
57487
57489
57490
57494
57501
57503
57510
57512
57526
57528
57529
57530
57531
57534
57541
57549
57552
57553
57557
57561
57562
57570
57571
57572
57573
57579
57580
57583
57587
57589
57596
57609
57614
57615
57620
57627
57628
57629
57631
57637
57639
57645
57649
57652
57655
57658
57661
57662
57663
57671
57679
57680
57681
57683
57700
57708
57711
57712
57724
57725
57730
57737
57741
57742
57749
57753
57754
57762
57766
57781
57783
57785
57796
57798
57803
57805
57806
57808
57812
57818
57822
57824
57827
57828
57835
57842
57843
57847
57856
57857
57861
57865
57867
57871
57874
57876
57882
57884
57885
57898
57899
57901
57903
57906
57917
57918
57919
57923
57930
57940
57941
57947
57952
57953
57971
57973
57988
57990
57996
58000
58002
58006
58008
58009
58019
58020
58024
58027
58031
58036
58037
58041
58042
58045
58048
58050
58060
58063
58067
58070
58071
58072
58084
58090
58094
58095
58096
58097
58100
58103
58107
58108
58112
58116
58134
58135
58136
58139
58147
58155
58157
58158
58163
58178
58187
58189
58190
58191
58194
58207
58210
58217
58219
58225
58228
58229
58230
58231
58238
58240
58241
58255
58257
58258
58268
58278
58279
58284
58288
58290
58292
58301
58304
58306
58310
58314
58319
58341
58344
58347
58351
59392
59399
59404
59412
59416
59418
59420
59423
59424
59428
59434
59440
59446
59452
59459
59465
59467
59476
59482
59483
59494
59495
59498
59502
59504
59508
59509
59512
59513
59515
59516
59517
59525
59530
59531
59533
59534
59535
59537
59539
59541
59549
59557
59558
59559
59561
59574
59575
59580
59584
59589
59591
59595
59596
59600
59601
59603
59604
59606
59612
59614
59616
59624
59627
59633
59637
59639
59640
59641
59653
59656
59661
59663
59665
59666
59667
59672
59673
59679
59683
59687
59688
59693
59696
59698
59712
59713
59714
59718
59722
59726
59731
59734
59738
59740
59744
59792
59793
59801
59815
59823
59825
59831
59833
59840
59846
59848
59850
59867
59883
59906
59916
59917
59928
59935
59941
59946
59954
59957
59960
59975
60005
60006
60028
60029
60034
60040
60042
60043
60048
60058
60062
60065
60067
60072
60075
60081
60084
60085
60095
60098
60108
60119
60122
60124
60139
60151
60162
60165
60172
60177
60179
60192
60216
60231
60245
60246
60252
60283
60287
60290
60292
60299
60308
60328
60329
60338
60343
60346
60347
60348
60357
60360
60361
60363
60365
60375
60388
60413
60430
60434
60437
60452
60459
60465
60470
60473
60476
60482
60484
60489
60490
60496
60500
60510
60513
60518
60519
60523
60544
60548
60553
60554
60556
60561
60569
60573
60575
60579
60580
60598
60599
60600
60603
60612
60623
60625
60628
60635
60642
60643
60651
60655
60660
60678
60681
60684
60691
60693
60702
60716
60720
60722
60726
60730
60731
60732
60738
60740
60747
60748
60753
60763
60764
60768
60771
60773
60779
60796
60797
60818
60826
60827
60832
60833
60834
60835
60837
60839
60840
60852
60854
60862
60863
60864
60865
60866
60872
60873
60878
60879
60891
60892
60904
60913
60915
60919
60921
60922
60931
60936
60942
60944
60956
60957
60967
60980
60986
60988
61009
61011
61014
61016
61021
61031
61035
61039
61040
61041
61043
61052
61068
61111
61118
61121
61123
61141
61151
61152
61156
61166
61175
61178
61187
61197
61206
61223
61230
61237
61249
61259
61261
61264
61265
61267
61269
61276
61280
61285
61291
61293
61305
61306
61308
61318
61324
61325
61326
61358
61359
61360
61372
61375
61378
61379
61380
61382
61383
61390
61396
61400
61403
61406
61409
61410
61416
61431
61433
61435
61436
61960
61964
61971
61976
61980
61985
61991
61992
62004
62006
62008
62010
62019
62029
62036
62040
62046
62056
62063
62067
62069
62082
62084
62103
62115
62122
62128
62130
62133
62135
62142
62143
62150
62169
62200
62205
62207
62218
62221
62222
62241
62243
62247
62261
62264
62266
62268
62272
62283
62286
62287
62288
62293
62314
62316
62330
62331
62333
62340
62344
62345
62347
62348
62356
62358
62360
62366
62378
62379
62382
62389
62399
62402
62404
62410
62422
62423
62426
62429
62432
62439
62440
62444
62446
62450
62459
62461
62462
64409
64419
64423
64429
64432
64433
64439
64450
64461
64469
64486
64492
196638
196641
196648
196657
196660
196665
196667
196673
196685
196686
196691
196695
196698
196699
196705
196716
196719
196721
196726
196739
196742
196747
196750
196754
196764
196767
196768
196780
196786
196791
196796
196797
196798
196812
196847
196879
196884
196894
196914
196936
196938
196949
196963
196986
196991
197007
197010
197015
197023
197044
197052
197062
197068
197070
197074
197078
197097
197120
197129
197140
197145
197147
197150
197152
197153
197159
197163
197165
197169
197171
197175
197185
197193
197204
197235
197243
197257
197258
197268
197273
197275
197276
197280
197286
197292
197298
197303
197306
197309
197311
197315
197333
197340
197349
197356
197363
197366
197374
197379
197382
197392
197394
197404
197406
197420
197424
197453
197460
197461
197467
197468
197482
197489
197498
197499
197510
197526
197529
197531
197535
197553
197559
197567
197571
197577
197585
197591
197596
197607
197627
197628
197632
197665
197668
197673
197693
197695
197714
197717
197718
197719
197725
197728
197733
197749
197756
197757
197760
197761
197765
197768
197773
197780
197783
197786
197793
197808
197810
197815
197821
197826
197831
197857
197865
197868
197873
197878
197880
197896
197905
197911
197934
197952
197955
197960
197969
197971
197972
197986
197987
197998
198021
198027
198028
198039
198044
198052
198056
198062
198069
198070
198074
198076
198083
198110
198117
198122
198130
198134
198137
198181
198182
198185
198195
198201
198207
198210
198212
198226
198255
198258
198261
198294
198295
198297
198303
198310
198324
198338
198348
198350
198354
198367
198369
198384
198390
198396
198409
198415
198437
198438
198445
198449
198456
198481
198502
198515
198523
198539
198541
198542
198544
198546
198563
198580
198592
198598
198609
198610
198615
198616
198618
198619
198626
198639
198643
198645
198654
198667
198669
198670
198675
198677
198683
198688
198693
198700
198705
198712
198715
198716
198718
198728
198755
198757
198758
198762
198764
198769
198770
198774
198778
198786
198790
198791
198793
198806
198809
198816
198817
198819
198821
198832
198842
198844
198856
198861
198873
198877
198899
198918
198929
198932
198933
198947
198953
198960
198973
198974
198976
199000
199002
199007
199008
199009
199010
199014
199020
199021
199022
199024
199032
199040
199049
199054
199063
199070
199072
199078
199080
199085
199089
199093
199096
199101
199110
199112
199119
199120
199126
199133
199136
199145
199146
199148
199153
199161
199179
199184
199194
199214
199232
199253
199259
199261
199264
199274
199278
199280
199287
199293
199295
199304
199314
199316
199317
199320
199361
199365
199377
199394
199420
199424
199425
199427
199430
199445
199458
199463
199472
199502
199521
199530
199537
199546
199549
199572
199576
199580
199582
199583
199593
199599
199602
199619
199621
199622
199623
199624
199634
199635
199647
199651
199658
199664
199669
199678
199726
199728
199730
199732
199778
199782
199798
199805
199809
199814
199820
199827
199833
199851
199858
199860
199862
199866
199901
199906
199908
199922
199933
199940
199945
199956
199961
199966
199970
199975
199991
199992
200007
200015
200022
200035
200041
200044
200048
200054
200065
200066
200095
200110
200121
200122
200123
200152
200161
200166
200172
200175
200214
200215
200219
200235
200264
200285
200293
200294
200302
200323
200328
200340
200341
200350
200362
200364
200389
200390
200401
200408
200420
200430
200441
200442
200452
200453
200457
200463
200466
200479
200483
200487
200496
200503
200505
200513
200515
200524
200551
200563
200575
200579
200593
200613
200619
200620
200622
200624
200627
200634
200637
200643
200644
200662
200679
200685
200686
200687
200694
200697
200702
200722
200725
200734
200743
200762
200778
200802
200838
200847
200897
200902
200907
200922
200926
200928
200935
200938
200945
200953
200954
200955
200976
200982
200988
200993
201008
201009
201012
201016
201018
201022
201037
201052
201065
201069
201083
201092
201097
201100
201119
201123
201135
201137
201138
201144
201147
201151
201186
201193
201195
201204
201211
201224
201231
201244
201247
201250
201267
201268
201270
201275
201282
201285
201294
201296
201297
201298
201302
201312
201368
201389
201394
201414
201417
201429
201430
201443
201468
201469
201475
201477
201495
201496
201498
201499
201511
201512
201513
201515
201551
201555
201556
201564
201571
201578
201582
201588
201593
201606
201624
201631
201643
201646
201662
201669
201677
201706
201717
201721
201745
201752
201757
201774
201776
201778
201781
201786
201788
201792
201794
201797
201800
201804
201820
201825
201826
201835
201839
201842
201844
201848
201851
201858
201874
201913
201914
201916
201929
201945
201952
201956
201970
201972
201974
202000
202009
202011
202058
202070
202078
202079
202082
202091
202104
202127
202136
202150
202156
202164
202173
202181
202202
202216
202234
202248
202250
202271
202273
202279
202289
202290
202317
202326
202342
202344
202345
202378
202423
202432
202446
202486
202493
202497
202498
202501
202508
202510
202533
202535
202537
202542
202570
202578
202594
202599
202611
202619
202629
202633
202642
202650
202674
202683
202689
202696
202700
202717
202752
202760
202764
202768
202770
202778
202781
202793
202795
202800
202801
202802
202804
202806
202824
202832
202835
202838
202852
202871
202880
202961
202963
202974
202984
202985
202989
202999
203004
203006
203032
203049
203093
203097
203117
203118
203121
203131
203139
203163
203169
203173
203203
203252
203270
203290
203319
203337
203344
203353
203359
203371
203382
203387
203395
203407
203444
203451
203454
203456
203473
203492
203493
203498
203502
203509
203510
203514
203517
203527
203533
203542
203549
203561
203563
203565
203597
203599
203627
203668
203695
203697
203699
203714
203725
203746
203747
203748
203749
203750
203753
203784
203791
203794
203803
203805
203806
203816
203831
203832
203841
203844
203858
203869
203870
203883
203887
203891
203907
203922
203948
203956
203972
203974
204039
204040
204041
204048
204049
204067
204076
204077
204102
204112
204128
204137
204144
204153
204159
204161
204169
204173
204198
204199
204217
204219
204226
204231
204237
204259
204271
204272
204276
204277
204297
204298
204304
204305
204311
204314
204323
204337
204338
204350
204354
204357
204362
204424
204435
204459
204474
204477
204489
204490
204492
204495
204496
204507
204520
204525
204531
204551
204553
204564
204574
204576
204582
204587
204600
204623
204630
204656
204665
204678
204696
204703
204713
204720
204735
204738
204752
204791
204792
204820
204822
204823
204825
204827
204829
204833
204846
204848
204878
204891
204898
204908
204909
204916
204919
204925
204941
204952
204968
204980
204991
205014
205022
205047
205060
205062
205063
205070
205084
205135
205153
205158
205161
205194
205221
205226
205236
205264
205297
205312
205324
205349
205387
205391
205396
205412
205421
205429
205432
205433
205439
205442
205460
205482
205495
205500
205515
205528
205553
205562
205567
205569
205576
205595
205611
205616
205628
205638
205641
205642
205652
205657
205682
205701
205711
205717
205720
205735
205754
205765
205773
205784
205799
205822
205824
205828
205830
205849
205858
205864
205866
205907
205922
205952
205954
205963
205971
205978
205998
206011
206012
206027
206039
206054
206057
206061
206066
206083
206153
206156
206171
206174
206179
206181
206213
206224
206247
206256
206295
206301
206306
206323
206333
206334
206337
206338
206365
206385
206386
206395
206396
206403
206407
206419
206424
206435
206448
206465
206501
206503
206515
206536
206538
206572
206585
206630
206631
206649
206653
206661
206673
206680
206707
206708
206710
206724
206728
206756
206760
206764
206767
206787
206803
206805
206810
206812
206817
206820
206827
206845
206850
206871
206873
206904
206905
206926
206955
206965
206968
206973
207005
207016
207025
207027
207049
207055
207056
207059
207064
207078
207093
207103
207104
207124
207128
207133
207165
207168
207205
207207
207209
207228
207235
207239
207240
207256
207259
207284
207288
207293
207320
207321
207340
207347
207351
207353
207361
207373
207376
207380
207384
207387
207397
207401
207423
207433
207438
207447
207457
207472
207473
207479
207490
207496
207501
207504
207518
207547
207548
207561
207581
207608
207634
207648
207651
207657
207665
207676
207692
207698
207713
207718
207744
207753
207759
207794
207822
207839
207853
207859
207862
207867
207874
207883
207909
207935
207952
207954
207967
207970
207978
207979
207984
207986
208003
208008
208044
208047
208056
208061
208075
208083
208087
208090
208092
208099
208102
208107
208117
208129
208142
208155
208165
208177
208178
208186
208193
208207
208219
208221
208252
208274
208291
208300
208303
208314
208325
208345
208349
208352
208360
208371
208380
208388
208397
208401
208409
208411
208413
208427
208435
208447
208456
208461
208502
208503
208511
208534
208541
208544
208547
208573
208577
208580
208587
208604
208605
208609
208615
208626
208629
208631
208640
208649
208657
208677
208701
208720
208729
208748
208749
208752
208762
208774
208777
208780
208786
208793
208801
208803
208811
208825
208827
208838
208879
208890
208894
208903
208912
208936
208942
208945
208954
208955
208969
208977
208981
208991
208992
209005
209008
209019
209024
209030
209037
209038
209057
209059
209067
209084
209096
209099
209112
209119
209133
209141
209165
209186
209188
209206
209207
209217
209219
209228
209248
209249
209269
209284
209289
209303
209307
209313
209339
209343
209351
209352
209361
209367
209393
209406
209415
209420
209446
209448
209458
209473
209476
209511
209517
209520
209546
209558
209592
209595
209599
209636
209639
209655
209656
209657
209666
209667
209679
209684
209687
209695
209698
209701
209720
209728
209739
209746
209747
209751
209755
209758
209759
209763
209773
209775
209779
209785
209788
209789
209794
209796
209805
209813
209821
209867
209873
209885
209890
209911
209926
209927
209930
209932
209938
209950
209954
209955
209962
209973
209974
210028
210033
210038
210063
210067
210071
210078
210079
210109
210113
210135
210160
210171
210188
210200
210201
210209
210239
210240
210259
210267
210276
210281
210328
210342
210357
210380
210408
210416
210431
210443
210447
210451
210471
210491
210493
210494
210525
210552
210553
210600
210616
210644
210656
210662
210682
210685
210698
210702
210706
210720
210725
210726
210735
210739
210751
210753
210756
210766
210778
210786
210787
210827
210828
210829
210868
210889
210894
210899
210914
210926
210928
210931
210954
210956
210989
211000
211002
211009
211027
211045
211063
211076
211078
211101
211114
211134
211150
211164
211173
211183
211185
211202
211221
211229
211240
211246
211247
211258
211270
211282
211291
211311
211343
211347
211362
211366
211379
211382
211399
211404
211406
211446
211486
211497
211503
211506
211508
211517
211520
211529
211530
211532
211542
211563
211605
211609
211613
211616
211618
211620
211624
211625
211631
211637
211639
211641
211642
211663
211692
211697
211712
211714
211716
211724
211730
211762
211773
211778
211791
211795
211796
211801
211805
211821
211825
211830
211845
211860
211866
211867
211883
211928
211930
211932
211933
211940
211951
211963
212006
212015
212016
212022
212030
212075
212092
212093
212095
212113
212114
212126
212128
212134
212136
212160
212165
212199
212205
212206
212210
212211
212213
212214
212236
212247
212254
212260
212264
212266
212272
212273
212275
212277
212278
212281
212288
212299
212303
212333
212352
212366
212395
212410
212414
212423
212439
212441
212452
212456
212480
212487
212490
212491
212494
212545
212566
212575
212600
212611
212620
212667
212670
212673
212675
212681
212712
212715
212728
212732
212747
212748
212750
212764
212776
212787
212792
212800
212840
212863
212869
212883
212899
212919
212936
212964
212967
213010
213012
213041
213046
213067
213075
213077
213105
213117
213133
213175
213182
213191
213194
213203
213220
213235
213258
213278
213294
213304
213316
213329
213334
213348
213369
213381
213393
213403
213411
213435
213452
213457
213461
213478
213480
213497
213498
213499
213501
213503
213506
213508
213523
213533
213544
213553
213555
213572
213602
213624
213630
213666
213681
213691
213694
213699
213704
213717
213744
213761
213780
213781
213787
213789
213805
213810
213829
213834
213853
213861
213875
213883
213890
213917
213922
213926
213933
213937
213952
213961
213995
214031
214047
214048
214051
214063
214066
214069
214077
214081
214091
214109
214115
214126
214141
214149
214152
214173
214186
214201
214210
214218
214221
214257
214268
214283
214306
214317
214325
214336
214356
214367
214374
214385
214395
214429
214463
214511
214524
214525
214535
214540
214548
214553
214573
214574
214576
214612
214614
214624
214631
214653
214656
214664
214683
214697
214702
214719
214721
214727
214733
214745
214767
214780
214787
214793
214816
214817
214822
214842
214852
214856
214870
214872
214881
214883
214884
214887
214888
214891
214951
214956
214975
215013
215031
215032
215037
215055
215070
215074
215077
215092
215098
215103
215106
215109
215115
215116
215121
215167
215170
215179
215182
215206
215226
215244
215247
215259
215289
215290
215302
215307
215314
215330
215346
215349
215376
215394
215402
215425
215438
215443
215445
215455
215456
215457
215469
215498
215503
215519
215539
215550
215572
215584
215589
215601
215623
215632
215634
215646
215654
215678
215688
215705
215721
215745
215751
215805
215809
215810
215811
215818
215851
215882
215895
215897
215921
215924
215943
215944
215948
215979
215983
215997
216011
216033
216062
216068
216080
216090
216103
216109
216119
216128
216140
216158
216178
216185
216201
216203
216214
216218
216234
216235
216236
216246
216247
216248
216264
216290
216317
216322
216328
216332
216334
216335
216348
216363
216365
216366
216368
216377
216379
216423
216460
219236
219238
219259
219262
219284
219291
219297
219305
219306
219318
219319
219340
219342
219357
219405
219407
219413
219442
219445
219470
219506
219516
219529
219543
